Public Matrix mit 57  Zeilen und  167  Spalten
Verschlüsselt mit 11 Fehlern
[0 1 1 1 1 1 0 1 1 1 1 1 0 0 0 0 1 0 0 0 0 0 1 1 0 1 1 0 0 1 0 1 0 1 1 0 0 1 0 0
    1 1 1 0 0 1 1 1 1 1 1 1 0 0 0 0 1 1 0 0 0 1 1 1 0 1 0 1 1 0 0 1 1 0 1 1 1 0 
    0 1 0 1 0 1 1 1 0 0 1 0 1 1 0 0 0 0 0 0 1 1 1 1 0 0 1 0 1 1 0 1 0 0 0 1 1 0 
    0 0 0 0 1 1 1 0 1 0 1 0 0 1 1 1 0 1 1 1 1 0 1 1 1 1 1 1 0 0 0 0 0 1 1 0 1 1 
    0 0 1 0 0 0 0 0 0 1 1 1 0]
[1 1 1 1 1 0 0 1 0 0 0 1 0 1 1 0 1 0 1 0 1 1 1 1 0 1 1 0 0 0 0 0 1 1 1 0 0 1 1 0
    0 0 0 0 1 0 1 0 1 0 1 0 0 0 0 0 0 1 0 1 0 0 1 1 0 0 1 0 1 0 1 0 0 0 1 1 1 1 
    0 0 0 0 0 1 0 0 0 0 1 0 0 0 0 0 1 0 0 1 0 1 0 1 1 1 1 0 0 0 0 0 1 0 0 1 0 1 
    0 1 0 1 1 0 1 0 0 0 0 0 1 0 0 1 1 0 1 0 1 0 1 1 1 0 1 1 1 1 1 0 0 0 0 1 1 1 
    0 1 0 1 1 1 1 1 0 0 0 0 0]
[1 1 0 0 0 1 0 0 1 1 0 0 0 1 1 1 0 0 0 1 1 0 0 1 1 1 1 0 1 0 0 0 0 0 1 0 1 0 1 1
    1 0 0 0 0 1 0 0 1 0 0 1 0 0 1 1 0 0 1 0 0 0 0 0 0 0 1 1 1 1 0 0 0 1 0 1 0 0 
    1 0 0 1 0 0 0 1 0 1 1 1 0 0 1 0 0 1 0 0 0 0 0 0 0 1 1 1 1 1 1 1 0 1 0 1 0 0 
    0 0 1 0 0 0 1 0 1 1 1 1 1 1 0 1 0 0 0 1 0 1 1 1 0 1 1 1 1 1 1 1 1 1 0 0 1 1 
    1 1 0 1 0 0 0 0 1 0 0 1 1]
[0 0 0 1 0 1 1 1 1 1 0 1 1 1 0 1 1 0 1 1 1 1 1 1 0 1 1 0 0 0 1 0 1 0 0 0 0 1 1 1
    0 0 0 1 1 0 0 1 1 0 1 0 0 1 0 1 0 0 0 1 1 0 1 1 0 0 0 1 0 1 1 1 0 0 1 0 0 1 
    1 0 0 1 1 1 0 1 0 0 0 0 1 0 1 1 0 0 0 0 0 1 1 1 1 1 1 0 0 0 1 0 1 1 1 1 0 0 
    0 1 0 1 1 0 1 1 1 0 0 0 1 1 0 0 0 1 0 1 1 0 1 1 0 0 0 0 0 1 1 1 1 0 1 1 1 0 
    1 1 1 1 1 0 1 0 1 1 0 0 1]
[0 0 1 0 0 1 0 0 0 0 1 0 0 1 1 0 1 1 0 0 0 1 0 1 0 0 0 1 1 1 0 1 0 1 0 1 1 0 1 1
    1 0 1 0 1 0 1 1 0 0 0 1 0 0 1 1 0 0 0 1 1 1 1 1 1 0 0 1 1 1 0 0 1 0 1 0 0 1 
    1 0 1 0 1 1 1 1 1 0 1 0 1 0 0 1 1 0 1 1 1 1 0 0 0 1 1 0 0 0 0 0 0 0 0 1 1 0 
    1 0 0 1 1 1 0 0 0 0 0 0 0 1 1 1 1 1 0 1 1 0 0 0 1 1 1 0 0 1 1 1 0 1 1 0 1 1 
    1 1 1 0 0 1 0 0 0 1 0 0 1]
[0 1 1 0 0 1 1 0 1 1 0 1 1 1 0 1 1 1 0 1 1 1 1 0 1 1 0 1 1 1 0 1 1 0 1 1 0 0 0 0
    0 0 0 1 1 0 0 1 0 1 0 1 0 0 0 1 1 1 1 1 1 1 0 1 1 1 0 1 0 0 1 0 0 1 1 0 0 0 
    0 1 0 0 1 1 0 1 1 1 0 1 0 0 0 0 1 1 0 1 0 1 1 1 0 0 0 1 0 0 0 1 0 1 1 0 1 0 
    1 0 0 0 0 1 1 0 0 0 1 0 0 0 1 1 0 1 0 1 0 1 0 1 1 0 1 1 0 0 1 0 1 1 1 1 1 1 
    1 0 0 1 0 1 0 1 1 0 0 1 0]
[1 1 1 0 0 0 0 0 1 0 0 0 1 1 1 0 1 0 1 1 1 0 0 0 0 1 1 1 0 0 1 0 1 1 0 0 1 0 1 0
    1 0 1 0 1 0 0 0 0 0 0 0 1 0 0 0 0 0 1 0 1 1 0 1 0 0 0 1 1 1 0 0 0 1 1 1 0 0 
    1 0 0 1 1 0 1 1 0 0 1 0 1 1 0 1 1 1 1 1 0 1 0 1 0 0 0 0 0 1 1 0 1 1 1 0 1 1 
    0 0 1 1 1 1 0 1 0 0 0 0 0 0 1 1 0 0 1 0 0 0 1 0 0 1 1 1 1 0 1 1 0 0 1 0 1 0 
    0 0 1 0 1 0 1 0 0 1 0 1 0]
[1 0 1 0 0 1 1 0 1 1 0 0 0 1 1 0 0 0 1 0 0 1 0 1 0 0 1 0 0 0 1 0 0 0 1 1 0 0 1 1
    0 1 0 0 1 1 0 1 0 0 1 0 1 1 0 1 0 1 0 1 0 1 1 1 0 1 0 1 0 0 1 1 1 1 0 1 1 1 
    1 0 0 1 1 1 0 0 1 1 1 1 1 0 1 1 1 0 1 0 1 0 1 1 0 1 0 1 1 1 1 0 1 1 0 1 0 1 
    1 1 0 0 1 1 0 1 1 0 1 0 1 1 0 0 1 1 0 1 0 1 1 0 1 1 0 0 1 1 1 0 0 0 1 0 0 0 
    1 1 1 1 0 0 0 1 1 0 1 0 0]
[0 0 1 0 0 0 1 1 0 1 0 1 0 1 1 0 0 1 0 1 1 0 1 1 1 1 0 0 1 0 0 1 0 0 0 1 1 1 0 1
    1 0 1 1 1 1 1 0 0 1 0 1 1 0 0 1 0 0 1 1 1 0 0 0 0 1 0 1 0 0 1 0 0 0 1 0 0 0 
    0 0 0 1 1 1 0 1 0 0 1 0 0 0 1 0 0 1 0 0 0 1 0 1 1 1 1 0 0 0 1 1 1 1 1 1 1 1 
    0 1 0 0 1 1 0 1 1 1 0 0 0 1 1 1 0 0 0 0 1 1 1 1 0 0 0 0 1 0 1 0 1 1 0 0 1 1 
    1 0 1 0 1 0 0 0 0 0 0 1 1]
[1 1 0 1 1 0 0 0 0 0 1 1 0 1 0 0 0 1 1 1 0 0 1 0 1 1 0 1 1 0 0 1 1 0 0 1 0 0 0 0
    0 1 1 0 0 0 0 1 1 0 0 1 1 0 0 0 1 0 1 0 1 1 0 1 1 0 1 1 0 1 1 0 1 1 1 1 1 0 
    0 1 0 0 1 0 1 1 0 1 1 1 1 1 1 1 1 0 1 0 0 1 1 0 1 1 1 0 1 0 0 1 0 0 0 1 1 0 
    0 1 1 0 0 0 0 1 0 1 1 1 0 1 1 0 0 1 0 0 1 1 1 0 0 0 0 1 1 0 1 1 1 1 1 0 0 0 
    0 1 1 1 1 1 1 0 0 0 0 0 0]
[0 1 1 1 1 1 1 1 0 1 1 1 1 1 1 0 1 0 0 0 1 0 1 0 1 1 1 1 1 0 0 1 1 1 0 1 1 0 0 0
    0 1 1 1 0 0 0 1 1 1 1 1 0 1 0 0 1 1 1 1 0 1 1 0 1 0 1 0 0 1 0 1 0 1 1 1 1 1 
    1 1 0 0 0 0 1 0 1 1 0 0 0 1 1 1 0 0 0 1 1 1 0 1 1 1 0 1 0 0 1 0 1 0 0 1 1 1 
    0 0 1 0 0 1 1 1 1 1 1 0 0 1 1 1 0 1 1 1 0 1 0 0 0 0 0 1 0 0 1 0 0 1 1 0 1 0 
    1 0 1 1 0 1 0 1 0 0 0 1 0]
[0 1 0 0 1 0 1 1 1 1 1 1 0 0 1 0 1 0 1 1 1 1 1 1 0 0 0 1 0 0 0 1 0 0 0 1 1 0 0 0
    1 0 1 0 0 0 1 1 0 1 0 0 0 1 1 0 0 0 0 0 1 1 0 1 0 0 0 1 0 1 1 1 0 1 1 0 0 0 
    1 0 0 0 1 0 0 0 0 1 0 0 0 1 1 0 1 0 0 1 0 0 0 1 0 0 1 0 0 1 1 1 0 1 0 0 0 0 
    0 0 0 1 1 1 1 0 1 1 1 0 1 1 0 0 0 1 1 1 0 0 0 1 1 1 0 0 1 1 1 0 1 0 1 1 0 1 
    0 1 0 0 1 0 0 0 1 0 0 0 0]
[0 1 1 1 1 0 1 1 1 1 1 0 1 0 0 1 0 1 1 1 1 1 1 1 1 1 1 1 0 1 1 0 0 1 0 0 0 0 1 0
    1 1 0 0 0 1 0 0 0 0 0 1 1 0 1 0 1 0 0 0 0 0 0 0 1 0 1 0 0 1 1 0 1 0 1 1 0 0 
    1 1 0 1 0 0 0 1 1 0 1 0 1 0 1 0 1 1 0 1 1 1 1 1 0 0 1 0 0 0 1 0 1 0 0 1 0 0 
    1 0 0 0 1 0 0 0 1 1 0 0 1 0 1 1 0 1 1 0 0 1 0 1 0 1 0 1 0 1 0 1 0 0 0 1 0 1 
    1 0 1 0 0 0 0 1 1 0 0 1 1]
[1 0 1 0 1 0 1 0 0 0 1 0 1 1 1 1 1 1 1 0 0 0 1 0 1 1 0 0 1 1 0 0 0 0 0 0 1 0 0 0
    1 1 0 0 1 0 1 1 0 0 1 1 0 1 1 0 1 1 0 1 1 1 0 1 1 0 1 0 1 1 1 0 1 1 0 0 0 0 
    0 0 0 1 0 0 0 1 1 1 0 0 1 0 0 0 1 1 0 0 1 0 0 1 0 1 0 0 0 1 1 0 1 0 1 1 0 0 
    0 0 0 0 0 1 1 1 1 1 0 1 0 1 0 0 0 1 0 1 1 0 0 1 1 1 1 0 1 0 0 1 1 1 0 0 0 1 
    1 1 1 1 0 1 0 0 1 1 1 1 1]
[0 0 0 1 0 1 1 0 0 0 0 1 1 1 1 0 0 0 1 0 1 0 1 0 1 0 0 0 1 1 1 0 1 0 0 0 1 0 0 0
    0 0 1 1 0 1 1 0 1 0 1 1 0 1 0 0 1 0 1 0 1 0 1 1 1 0 1 1 1 1 1 1 0 1 1 1 1 1 
    1 0 0 1 0 0 1 0 1 0 1 1 1 0 0 0 0 0 1 1 1 0 0 0 1 0 1 1 0 0 0 0 1 1 0 1 1 0 
    0 0 0 1 1 1 0 1 1 0 1 1 0 0 0 0 0 1 0 0 0 0 0 1 1 0 1 0 0 1 1 0 1 0 1 0 1 0 
    1 0 0 1 0 0 0 1 0 0 1 1 1]
[0 1 1 0 0 0 1 0 1 0 0 1 1 1 0 0 0 1 0 1 1 1 1 0 1 1 0 1 0 1 1 1 0 1 0 1 1 0 0 1
    1 0 1 0 0 1 1 1 1 0 1 0 0 1 1 1 0 0 0 0 1 1 0 1 1 1 1 0 1 0 0 1 0 0 1 0 1 1 
    0 1 0 1 1 1 0 0 1 0 1 0 0 0 0 1 0 0 1 1 0 1 1 1 1 1 0 0 1 1 1 0 0 1 0 0 1 0 
    1 1 0 1 1 1 1 1 0 0 1 0 1 0 1 0 0 1 0 0 0 1 1 0 1 0 1 1 1 0 0 1 1 0 1 0 1 1 
    0 1 0 1 1 0 0 0 0 1 1 1 0]
[0 0 1 0 1 1 0 1 0 0 1 0 0 0 0 0 1 0 1 1 1 1 1 0 0 0 1 1 0 0 0 1 1 0 1 1 1 1 1 1
    1 0 1 1 1 1 1 0 0 1 0 0 1 0 1 1 1 1 1 0 1 0 0 1 0 0 1 0 1 0 1 0 1 0 0 0 0 0 
    1 0 0 0 0 0 1 1 0 0 1 0 0 0 0 1 1 0 0 1 0 0 1 0 0 0 0 1 1 0 0 1 1 1 1 0 1 1 
    0 0 0 0 0 1 1 0 1 1 0 1 0 0 1 1 0 0 0 0 0 0 0 1 1 0 0 0 0 0 0 0 1 1 0 0 0 1 
    0 1 0 1 1 1 1 1 1 0 1 0 1]
[1 0 0 0 1 1 0 1 1 1 1 0 0 0 0 1 1 0 0 0 1 1 1 1 1 1 1 0 0 0 0 1 0 0 1 0 1 0 0 1
    1 1 1 1 0 1 1 0 0 0 0 1 0 0 0 1 1 1 1 0 0 1 0 0 1 0 0 1 1 0 0 1 1 1 1 0 0 0 
    0 1 0 1 0 1 1 1 1 0 1 0 0 0 1 0 1 0 0 1 0 1 1 0 0 0 0 1 0 0 1 0 0 1 0 1 0 0 
    1 0 0 0 1 0 0 1 1 1 1 0 1 0 0 0 0 1 0 1 1 1 0 0 0 0 0 0 1 1 0 0 0 1 1 1 0 0 
    1 0 0 0 1 0 0 0 0 1 0 0 1]
[1 1 1 0 0 0 0 1 1 1 0 0 0 0 0 0 0 1 0 0 1 0 1 1 1 0 1 1 1 0 0 1 0 0 0 1 1 1 0 0
    1 1 0 0 0 0 0 1 0 1 0 0 0 1 1 1 1 1 1 0 1 0 0 0 1 0 0 0 0 0 0 1 1 1 0 0 0 1 
    1 0 1 0 0 0 1 1 1 0 0 0 0 1 1 0 1 1 1 1 0 1 0 0 0 0 0 0 1 1 0 1 0 1 0 1 0 0 
    1 1 0 0 0 0 1 0 0 0 0 1 1 0 0 0 1 0 0 1 1 0 1 0 0 1 0 0 1 1 0 1 1 0 1 1 1 1 
    1 1 0 1 1 1 1 0 0 0 1 1 0]
[1 1 1 1 0 0 1 0 1 0 1 0 1 0 0 1 1 1 0 0 1 1 0 1 1 1 0 0 0 0 0 1 0 0 0 0 1 1 1 0
    1 1 1 0 0 1 1 0 0 1 1 0 0 0 0 1 1 0 1 0 0 1 0 1 0 1 0 0 0 1 0 0 1 1 1 0 1 0 
    0 0 1 1 0 0 0 0 1 0 1 1 1 0 0 0 0 0 1 1 0 1 0 1 0 0 0 0 1 0 0 0 1 1 0 0 1 0 
    1 1 0 1 0 1 1 0 1 0 0 0 0 1 0 1 0 1 0 0 1 1 1 1 1 0 1 1 1 1 1 1 1 1 0 0 0 1 
    0 1 0 1 1 1 1 0 1 0 0 0 1]
[1 1 1 0 1 0 1 0 0 1 0 1 1 0 0 1 1 0 1 1 1 0 0 1 1 1 1 0 1 1 1 1 1 1 1 1 0 1 1 1
    0 0 0 1 1 1 1 0 1 0 0 0 1 0 0 1 0 1 0 1 1 0 0 1 0 1 0 1 0 1 0 0 0 1 1 1 1 0 
    1 0 1 0 0 1 1 0 0 1 1 0 1 0 0 0 1 1 0 0 1 1 0 0 0 1 0 1 1 0 0 0 1 0 0 0 1 1 
    1 1 0 0 1 1 0 1 1 1 0 1 1 0 1 1 1 0 1 0 0 0 1 0 0 0 1 1 0 0 0 0 0 0 0 0 1 0 
    1 0 0 1 0 0 1 0 0 0 0 0 0]
[0 1 0 1 0 0 0 1 1 1 0 0 0 1 1 0 0 0 1 1 0 0 1 0 0 0 1 0 0 0 0 1 1 1 0 1 1 0 1 0
    1 1 0 0 0 0 0 1 1 0 1 0 0 0 0 0 1 0 0 0 1 0 0 0 0 1 0 1 1 0 1 0 1 1 1 1 1 1 
    1 1 0 1 1 0 1 1 0 1 0 0 1 0 1 1 0 0 0 1 1 0 0 1 0 0 0 1 0 1 0 1 0 0 0 0 0 0 
    0 0 0 1 0 0 0 1 1 1 0 0 0 0 0 0 1 1 0 1 0 0 0 1 1 0 0 0 0 0 0 1 0 1 1 1 1 1 
    0 1 0 1 0 0 1 1 1 0 1 1 0]
[0 1 1 0 1 1 1 1 1 0 0 1 0 0 0 0 0 1 1 0 0 1 0 1 1 0 1 0 1 1 1 1 0 0 1 0 0 0 1 0
    0 1 0 1 1 1 1 0 1 0 0 0 0 0 1 0 0 0 0 0 0 1 1 0 0 0 0 0 0 0 0 0 1 0 0 1 1 0 
    1 1 1 1 0 0 0 0 0 1 0 1 0 0 0 1 0 1 1 0 1 1 0 1 0 0 1 0 0 0 1 1 1 1 0 1 1 1 
    1 0 0 0 1 0 0 0 1 0 0 1 0 1 1 0 0 1 0 1 1 0 0 0 0 0 1 0 0 0 1 1 1 1 0 1 1 0 
    0 0 0 1 0 1 0 0 1 1 0 1 1]
[1 0 1 1 1 1 0 0 0 1 0 0 0 0 0 0 1 1 1 0 0 0 0 1 1 0 0 1 1 1 0 1 0 0 0 0 0 0 1 0
    0 0 0 0 0 0 0 1 1 0 0 1 0 0 1 1 1 0 0 1 0 1 0 0 1 0 1 1 0 0 0 0 0 1 1 0 0 0 
    1 1 1 0 1 0 0 1 0 0 1 1 0 1 0 1 1 1 0 0 0 0 1 0 1 1 0 0 1 0 0 0 0 0 0 1 1 0 
    0 0 0 1 1 1 1 0 1 0 1 0 0 0 0 1 0 0 0 0 0 1 0 1 1 0 0 0 0 0 1 0 0 1 1 0 1 0 
    0 0 1 0 1 1 1 1 0 1 0 1 1]
[0 0 1 1 1 1 0 0 1 0 1 1 0 0 1 0 0 1 1 0 1 0 0 1 0 0 0 0 0 1 0 1 1 1 1 0 1 0 1 0
    0 0 0 0 1 1 0 0 1 0 1 0 1 0 0 0 1 1 0 1 0 1 1 1 0 0 1 0 0 1 0 1 0 0 0 0 1 0 
    0 1 0 0 0 1 0 0 0 0 1 0 1 1 1 1 0 0 0 1 0 0 0 1 0 1 0 0 0 1 0 1 1 0 1 1 1 0 
    1 1 0 0 1 1 0 1 0 1 0 0 0 0 1 0 0 1 0 0 0 1 1 0 1 0 1 1 0 1 0 1 1 1 1 0 0 1 
    0 1 0 0 0 0 0 1 1 1 1 0 1]
[0 1 1 0 1 0 0 0 0 0 0 0 1 1 0 1 0 1 0 1 0 0 1 0 0 0 1 0 0 0 0 0 0 0 0 1 0 1 1 0
    0 1 0 0 0 0 1 0 1 1 1 1 0 0 0 1 0 1 1 1 1 0 1 0 1 0 1 0 1 0 0 1 1 1 1 1 1 0 
    0 1 1 1 1 0 1 1 1 1 0 1 1 0 0 1 1 0 1 0 0 1 0 1 0 0 1 1 0 1 1 1 0 0 1 1 1 0 
    0 0 1 0 1 1 0 1 0 1 0 0 0 1 1 0 1 1 1 0 0 1 1 1 0 1 0 1 1 1 1 0 1 1 0 0 1 0 
    1 1 1 0 1 0 0 0 0 0 0 1 0]
[1 0 1 0 1 0 1 1 0 0 1 1 1 0 0 0 1 0 0 0 0 1 0 1 0 1 1 0 0 1 0 0 0 0 0 1 0 0 0 1
    0 1 1 0 0 1 1 1 0 1 0 0 0 1 1 1 0 1 1 1 1 0 1 0 0 0 0 0 1 0 1 0 1 0 1 1 0 0 
    1 1 1 1 1 1 1 1 1 0 0 0 0 1 1 1 1 1 1 1 1 1 0 1 0 0 1 1 0 0 1 1 0 1 0 1 0 0 
    0 0 1 1 1 1 1 1 1 0 1 0 0 1 1 1 0 1 1 1 1 1 1 1 0 1 0 0 0 1 0 1 0 1 1 1 0 0 
    0 1 0 0 0 0 1 1 0 0 1 1 0]
[0 1 0 0 1 1 0 0 0 1 0 1 0 0 1 0 0 0 1 1 1 1 1 1 1 1 1 1 0 1 1 1 0 0 1 0 1 1 1 0
    1 1 1 1 0 0 0 1 1 0 0 0 1 0 0 1 1 1 1 0 1 1 1 1 0 0 0 1 1 0 0 1 0 1 1 0 1 1 
    1 1 0 1 1 1 0 1 0 1 1 0 0 1 1 1 0 1 1 1 1 1 1 0 0 1 1 0 1 1 1 1 0 1 0 1 0 0 
    1 1 0 1 1 0 0 0 1 0 0 1 0 1 1 1 0 1 0 1 1 0 0 0 1 0 1 0 1 0 0 1 1 1 1 0 0 1 
    0 1 0 1 0 0 1 1 1 1 1 0 1]
[0 0 1 1 0 0 1 1 1 1 1 0 1 0 1 0 1 1 0 0 0 0 0 1 1 0 0 1 0 0 0 0 0 1 1 0 1 1 1 1
    0 1 0 0 0 1 0 1 1 0 0 0 1 1 0 1 1 0 0 0 0 1 0 0 1 1 0 1 1 0 1 1 0 1 0 0 1 0 
    0 1 1 1 1 0 1 1 1 1 1 1 0 1 1 1 1 0 0 0 1 1 0 1 0 1 1 0 1 1 1 1 1 1 0 1 1 0 
    0 1 1 0 0 0 1 0 1 1 0 1 1 1 0 1 0 0 0 1 1 1 1 1 1 1 1 1 1 1 1 0 0 1 0 1 0 1 
    0 0 1 0 0 1 1 1 1 1 1 0 1]
[1 0 0 1 1 1 1 1 1 1 0 0 1 1 0 1 0 1 1 0 0 1 0 0 1 0 1 1 0 0 0 1 0 0 0 0 0 1 1 0
    1 0 0 0 1 0 0 1 0 1 1 0 0 1 0 0 0 0 1 1 1 1 0 1 1 0 1 0 0 0 0 1 0 0 0 1 0 1 
    1 1 1 1 1 1 0 1 1 1 1 0 0 1 1 0 0 1 1 1 0 1 0 0 0 0 1 0 1 0 0 0 0 0 0 0 0 1 
    0 1 1 0 0 1 0 0 0 0 0 1 1 0 0 1 0 1 0 0 1 1 0 1 0 0 0 1 1 0 1 1 1 0 0 0 0 0 
    0 0 1 0 0 0 0 0 0 1 1 1 1]
[0 1 1 0 1 1 1 0 1 1 1 0 0 1 1 1 1 0 0 1 0 1 1 1 0 0 0 0 1 1 0 1 0 0 1 1 1 1 0 1
    1 1 1 1 0 0 1 0 0 1 0 0 0 1 1 0 0 1 0 0 1 1 0 0 0 1 1 1 1 0 1 0 1 0 0 1 0 0 
    0 0 1 0 0 0 1 1 1 0 0 0 0 1 0 1 0 1 1 1 0 0 0 1 0 0 0 0 1 1 1 0 1 0 0 0 1 0 
    0 0 1 0 1 1 1 0 0 1 1 1 0 1 1 0 0 0 0 0 1 0 1 0 0 0 1 0 1 1 0 1 1 0 1 0 1 1 
    1 0 0 0 1 0 1 0 1 0 1 0 1]
[1 1 0 0 1 0 1 0 1 1 0 0 0 1 1 0 1 1 0 0 0 1 1 0 1 0 0 0 0 0 0 1 1 0 0 0 1 0 0 1
    1 1 0 0 1 0 0 0 0 0 1 1 0 0 0 0 1 0 0 1 1 1 1 1 0 1 0 1 0 0 0 1 1 0 0 0 1 0 
    1 1 1 1 0 0 1 0 0 1 0 0 0 0 0 0 1 0 0 1 0 0 0 1 1 0 1 0 0 1 0 0 1 1 1 0 1 1 
    1 1 1 1 0 1 0 1 1 0 0 1 0 0 1 0 1 0 0 0 0 0 1 0 0 0 0 1 1 1 0 1 0 0 1 1 1 0 
    0 1 0 1 0 0 0 1 1 0 1 0 0]
[0 1 1 1 1 1 1 0 0 0 1 1 0 1 0 0 0 1 1 0 1 0 0 1 1 0 0 1 0 0 1 0 0 1 0 0 0 1 0 1
    1 0 1 0 1 0 0 0 0 0 0 1 0 0 1 1 0 0 1 1 0 0 0 0 1 1 1 1 0 0 1 0 1 1 0 0 1 1 
    1 0 1 1 0 0 0 1 0 0 0 0 1 0 1 0 0 0 1 0 1 1 0 1 0 1 0 0 0 0 1 1 1 1 0 1 0 1 
    0 0 0 0 0 0 0 0 1 0 1 0 1 0 1 0 1 0 1 0 1 0 0 0 0 1 1 1 0 1 1 1 1 0 1 0 0 0 
    0 1 0 0 0 0 0 0 1 0 1 0 1]
[0 0 0 0 1 1 1 1 0 1 0 1 0 0 1 1 1 0 1 0 1 0 0 0 1 1 1 1 0 1 1 1 0 1 0 1 1 0 1 0
    1 0 0 0 1 1 1 0 1 0 1 0 1 1 0 1 0 1 0 0 0 0 1 0 0 1 0 1 0 1 0 1 1 1 0 0 0 0 
    0 1 1 0 0 1 1 1 0 0 1 0 1 1 1 1 0 1 0 0 0 0 1 0 0 1 0 0 1 1 1 1 1 0 1 0 0 0 
    1 0 1 0 0 1 0 0 1 0 1 1 1 0 1 1 0 0 0 1 1 1 0 0 0 0 0 0 0 1 1 1 0 0 1 0 1 0 
    1 1 1 0 1 0 1 1 1 0 1 1 1]
[1 0 0 1 0 1 1 0 0 1 0 0 1 1 0 1 1 1 1 0 1 0 1 1 0 0 1 0 1 1 1 0 0 0 0 0 0 1 1 1
    0 1 1 1 0 1 0 0 0 0 0 0 0 1 1 0 0 0 1 1 1 0 0 0 1 1 0 1 0 0 0 1 0 0 1 1 0 1 
    1 1 1 0 1 1 0 0 1 0 0 1 1 1 0 0 1 0 1 0 1 1 0 1 1 0 0 0 1 0 0 1 1 1 1 0 0 1 
    1 1 1 0 1 0 0 1 1 1 1 0 0 1 1 1 0 1 1 0 1 1 0 1 0 0 1 0 0 1 1 0 0 1 0 0 1 1 
    0 0 1 1 0 0 0 0 1 1 0 1 1]
[0 1 0 1 0 0 1 0 1 1 1 0 1 0 0 0 0 0 1 1 0 1 1 1 1 1 1 0 0 1 1 0 0 0 0 1 0 0 1 1
    1 1 0 1 1 1 1 0 1 0 0 0 0 0 1 0 0 0 0 1 0 0 1 1 1 0 0 0 0 1 1 0 1 0 0 1 1 1 
    0 1 0 0 0 1 1 0 1 0 0 1 1 0 0 1 1 0 0 0 0 1 0 0 1 1 0 1 1 1 1 1 1 0 1 1 0 0 
    0 0 0 1 1 0 1 1 0 1 0 1 0 1 1 1 1 1 1 1 0 1 0 1 0 1 1 0 1 1 1 1 1 1 0 1 0 0 
    1 0 1 0 1 1 1 1 1 0 1 0 1]
[0 1 0 0 1 0 0 1 1 1 0 1 1 0 1 0 1 0 1 1 1 0 0 1 1 1 0 0 1 0 0 1 1 1 0 1 0 1 1 0
    1 1 0 1 1 0 1 0 0 1 1 0 0 1 0 1 1 0 1 0 0 1 1 0 1 0 0 0 0 0 0 0 0 0 0 0 1 0 
    1 0 0 0 1 1 0 0 0 1 0 0 1 1 0 0 1 1 1 0 1 1 1 1 0 0 0 0 0 1 0 1 0 0 1 1 0 1 
    0 1 0 0 1 0 1 0 1 0 0 0 1 1 0 1 1 0 0 0 0 1 0 0 0 1 1 0 0 0 1 1 1 1 1 1 0 0 
    1 1 0 1 1 0 1 0 0 1 0 0 0]
[1 0 1 0 0 1 1 0 0 0 1 0 1 0 1 1 1 0 0 1 1 1 1 1 0 0 0 0 0 1 0 1 1 0 1 0 0 0 0 0
    1 1 1 0 1 1 0 0 1 1 0 0 1 1 1 1 1 0 1 0 0 0 1 0 1 1 0 0 1 0 0 0 0 1 1 0 0 1 
    0 1 0 1 0 0 0 0 0 1 0 1 0 0 1 1 1 1 1 0 0 0 1 1 0 1 0 1 0 1 1 1 0 1 1 0 1 1 
    0 0 1 0 1 1 0 1 1 0 1 0 1 0 0 1 1 0 1 1 1 1 0 0 0 1 0 1 1 0 0 0 1 0 0 1 0 1 
    0 1 1 1 1 0 0 0 1 1 0 1 1]
[1 0 1 1 1 0 0 1 0 0 1 0 0 0 0 1 1 1 1 1 1 1 1 0 0 0 0 1 0 1 0 0 0 1 1 0 1 0 0 1
    1 0 1 1 0 0 1 0 1 0 0 0 1 1 0 1 1 0 0 0 1 1 0 1 0 0 0 1 1 0 0 1 1 0 1 0 0 0 
    0 1 1 1 1 0 0 1 1 0 1 1 0 0 0 1 1 1 1 1 1 0 1 1 0 1 0 0 1 1 0 1 1 0 0 1 0 0 
    0 1 0 0 1 0 0 0 1 0 0 0 0 0 0 0 1 0 1 1 1 1 0 1 0 1 0 0 0 1 0 0 0 0 0 1 0 0 
    0 1 1 0 0 1 0 1 0 1 0 0 0]
[1 1 1 1 1 1 1 0 0 1 0 0 1 1 0 1 0 1 0 1 1 1 1 0 0 1 1 1 1 0 0 0 0 0 0 1 0 1 0 1
    0 0 1 0 0 1 0 1 0 0 0 1 0 0 1 0 0 0 1 1 1 0 1 1 0 0 1 1 0 0 1 0 1 0 0 1 0 0 
    1 1 0 0 1 0 0 1 0 0 1 1 0 1 1 1 0 1 0 0 0 1 0 1 1 0 1 0 0 0 1 1 0 0 1 0 1 0 
    1 0 1 1 0 0 1 0 0 1 0 1 1 0 1 1 1 0 1 1 0 1 0 0 1 1 1 0 0 1 1 1 0 0 1 0 0 1 
    0 0 1 0 0 0 1 0 1 0 1 0 1]
[0 0 1 0 1 0 1 0 0 0 1 0 1 1 0 1 1 0 0 0 0 0 1 1 0 1 0 1 0 1 1 0 0 0 1 1 0 0 0 1
    1 0 1 1 1 0 0 0 0 1 1 1 1 1 1 1 0 1 1 1 1 1 1 0 0 0 0 1 0 0 0 0 1 0 0 1 1 0 
    1 0 1 1 0 0 1 0 0 1 0 0 1 1 0 1 1 1 1 0 1 1 0 1 0 1 1 0 0 0 1 1 1 1 1 1 1 1 
    0 0 0 0 0 1 0 1 1 0 1 1 1 0 0 0 1 1 0 0 0 0 1 1 0 1 1 0 1 1 0 0 1 1 1 0 0 1 
    1 0 1 0 1 0 0 0 1 0 1 0 0]
[0 1 1 0 1 1 1 1 1 1 1 1 1 1 1 0 0 1 0 1 0 1 1 1 0 0 1 0 1 1 0 0 1 0 1 0 1 1 1 1
    0 0 1 0 1 0 1 1 0 0 1 0 0 0 1 0 0 0 0 0 1 1 0 1 0 0 0 1 0 1 1 1 1 1 0 1 1 0 
    1 1 0 0 0 1 1 0 1 0 1 0 1 0 0 0 1 1 0 0 1 0 1 0 0 0 1 0 0 1 1 1 0 1 0 0 0 0 
    0 1 1 0 0 0 0 1 0 1 0 1 0 0 1 1 1 1 0 0 1 1 0 1 0 1 0 1 0 0 0 0 1 0 0 0 0 0 
    0 1 0 0 1 1 1 0 1 0 1 0 0]
[1 0 0 1 1 1 0 0 0 0 1 0 1 0 1 0 1 1 1 0 0 1 0 0 1 0 0 1 0 0 0 1 1 1 0 1 0 1 0 0
    0 0 0 0 0 0 1 1 0 0 0 0 0 1 1 0 0 1 0 1 1 0 0 1 0 0 1 1 1 0 1 1 1 1 1 1 0 0 
    0 0 1 1 1 0 0 0 0 1 1 0 1 0 1 0 1 1 1 1 0 0 0 0 0 1 0 0 1 1 0 1 1 1 1 0 0 0 
    1 0 0 0 1 1 1 0 1 0 0 1 1 0 0 0 0 0 0 0 0 0 0 0 0 0 1 1 1 0 1 0 1 1 1 0 0 0 
    0 1 1 0 1 1 0 1 1 0 0 1 0]
[0 1 1 1 1 1 1 0 0 0 0 0 1 0 1 1 0 1 1 0 0 0 1 0 0 1 0 0 0 1 1 0 0 1 1 1 1 0 1 1
    1 1 0 1 1 0 1 0 1 1 0 1 0 0 0 0 1 0 0 1 1 0 1 0 0 0 1 0 0 0 1 1 1 1 1 0 0 0 
    1 0 0 0 0 0 0 1 1 0 1 0 1 0 1 1 0 0 0 1 1 0 1 1 1 0 1 1 1 0 1 0 0 0 1 1 1 1 
    1 1 0 0 1 1 1 1 0 0 1 0 0 0 1 1 0 1 0 0 1 0 0 1 0 0 0 1 0 0 0 1 0 0 0 0 1 1 
    0 0 0 0 0 1 1 0 0 1 0 1 1]
[0 0 1 1 0 1 0 0 0 1 1 0 1 1 0 0 1 1 1 0 1 1 0 1 1 1 0 1 1 0 0 0 0 1 0 1 1 1 1 1
    1 1 1 0 0 0 1 1 0 0 0 0 1 1 1 0 0 1 0 1 1 1 1 1 0 0 0 1 1 0 0 1 1 1 0 1 1 1 
    0 1 0 1 1 1 1 0 0 0 0 1 0 1 0 0 0 1 1 0 1 0 1 1 1 1 1 0 0 1 1 0 0 1 1 1 0 0 
    0 0 1 1 0 0 1 0 0 0 1 0 0 0 1 1 1 1 1 1 1 0 0 0 1 0 1 0 0 1 0 1 1 0 0 0 1 0 
    1 0 1 1 1 1 1 0 0 1 0 1 0]
[0 1 1 0 1 0 0 0 0 1 0 1 1 0 0 0 0 1 0 1 1 1 0 0 0 0 1 0 1 1 0 0 1 0 0 1 1 1 0 1
    1 1 1 1 0 0 1 1 0 0 1 1 0 1 1 1 0 0 0 1 1 0 1 1 0 0 1 1 0 1 1 1 0 0 0 1 1 1 
    0 0 1 0 1 0 1 0 1 1 0 0 1 0 0 1 1 1 1 1 1 0 1 0 0 1 1 0 1 1 1 0 1 1 0 0 1 1 
    0 0 0 0 1 0 0 1 1 1 0 0 1 0 0 0 1 0 1 0 1 0 1 0 1 1 0 0 0 0 0 1 1 1 1 1 1 1 
    0 0 1 1 1 0 0 0 1 1 0 1 0]
[0 1 1 1 0 0 1 0 0 1 0 0 1 1 1 1 1 1 1 0 1 0 1 1 0 1 0 0 1 1 0 1 1 1 1 1 0 1 1 0
    1 0 0 0 0 1 1 0 0 0 0 1 0 1 0 1 1 1 1 0 1 0 1 1 0 1 0 0 1 0 0 1 0 1 0 0 1 1 
    1 1 1 1 1 0 0 1 1 0 1 1 0 1 0 1 1 0 1 0 0 1 0 1 1 0 0 1 1 1 1 1 1 1 1 0 0 0 
    0 0 1 1 1 0 1 0 1 0 0 1 1 0 0 1 0 1 1 0 0 1 1 0 0 0 0 0 1 1 0 0 0 1 1 1 0 1 
    1 1 0 1 1 0 1 1 1 0 1 1 0]
[1 0 1 1 0 0 1 0 0 1 0 0 0 0 0 1 0 0 0 0 1 1 1 1 1 0 1 1 0 1 1 0 0 0 0 0 1 1 0 0
    1 0 1 0 0 0 1 0 0 0 1 1 1 1 1 1 1 1 1 0 1 0 0 0 0 1 1 1 1 0 1 1 0 1 1 0 1 0 
    1 0 0 0 1 1 0 1 1 1 0 0 0 1 0 0 1 1 0 1 1 0 1 1 0 0 1 1 1 0 0 1 1 0 1 0 0 0 
    1 0 1 1 1 0 0 0 1 0 0 0 1 1 0 1 0 1 1 1 0 1 1 0 0 0 1 1 1 1 0 1 1 1 0 0 1 1 
    1 1 0 0 1 1 1 0 1 0 1 0 0]
[1 1 1 1 1 1 1 0 1 0 0 0 0 0 0 1 0 1 0 1 0 1 0 0 0 1 1 1 1 0 1 1 1 1 1 0 0 0 1 0
    1 0 1 1 1 1 0 1 0 1 0 1 0 0 1 0 0 1 1 1 0 1 0 0 0 0 0 0 1 0 1 0 0 1 1 1 1 0 
    1 0 0 0 0 1 1 1 1 0 1 0 1 1 0 0 1 1 0 0 1 1 1 1 1 0 1 0 0 0 0 1 0 0 1 1 1 1 
    1 0 0 0 1 1 0 0 0 1 1 0 0 0 0 0 1 1 0 1 1 1 1 1 0 1 0 0 0 1 0 0 0 1 1 0 0 1 
    0 0 1 0 1 0 1 1 0 1 0 0 0]
[0 0 1 0 0 1 0 0 0 0 0 1 0 0 0 0 1 1 0 1 0 0 0 1 0 0 1 1 0 1 0 0 0 1 1 1 0 0 0 1
    1 0 1 1 0 0 0 1 1 0 0 1 1 0 1 0 1 0 0 1 1 1 1 1 1 1 0 1 1 0 1 1 0 1 0 1 0 0 
    1 0 0 1 0 1 1 1 1 0 1 0 0 0 0 1 1 0 0 1 1 0 1 1 0 0 0 0 1 0 1 1 0 0 0 0 0 1 
    1 0 1 0 0 1 0 0 1 0 0 0 0 1 0 0 1 0 0 0 1 0 0 1 0 1 0 1 1 1 0 0 0 0 0 1 0 1 
    0 1 1 1 0 0 0 0 1 1 1 1 1]
[0 1 1 0 0 0 0 0 0 0 1 0 0 0 1 1 1 0 1 0 1 1 1 1 1 0 0 0 0 0 1 0 0 1 0 1 0 0 0 0
    1 0 1 1 0 1 1 0 0 0 1 1 1 1 1 1 1 1 1 0 1 1 1 1 0 0 0 0 0 1 0 1 1 0 0 1 0 1 
    0 0 0 0 1 0 0 1 0 0 0 1 0 1 1 0 0 1 0 1 0 0 1 1 0 1 0 1 0 0 1 1 1 1 0 0 1 0 
    0 0 0 0 0 0 0 1 1 0 0 1 0 1 0 0 0 1 1 0 1 1 0 0 1 0 0 0 1 0 0 0 1 1 1 0 0 1 
    0 1 1 1 0 1 0 0 1 1 0 0 1]
[0 0 0 0 1 1 0 1 0 0 0 0 1 0 0 0 0 0 0 0 1 0 1 0 1 0 0 1 1 1 1 1 1 1 0 0 0 1 1 1
    1 1 1 1 1 1 1 1 1 1 0 0 1 0 1 0 1 1 0 0 1 1 0 0 1 1 0 1 1 0 1 0 1 1 1 0 0 0 
    1 0 1 0 0 0 0 0 0 0 0 0 0 1 1 0 1 1 0 0 0 0 1 1 0 0 1 0 1 1 1 1 1 0 1 1 0 0 
    1 0 1 1 0 0 1 1 1 1 1 0 0 1 1 0 1 0 0 1 0 1 0 1 0 0 0 0 0 1 1 0 1 1 1 1 0 1 
    0 0 0 0 0 1 0 1 0 0 0 1 0]
[1 1 1 1 0 1 1 0 0 0 0 1 1 1 1 1 0 1 0 1 1 0 1 0 1 0 0 1 1 0 0 0 1 0 1 0 1 0 1 0
    1 1 1 0 0 1 1 0 0 0 1 1 0 0 0 1 0 0 1 1 1 1 0 1 0 0 0 1 0 1 1 0 1 0 0 1 1 1 
    1 0 0 1 0 1 0 0 1 1 0 1 1 1 1 1 1 1 0 0 1 0 1 0 0 0 0 1 1 1 1 1 0 0 0 0 1 1 
    0 0 0 0 0 0 0 1 0 1 0 1 1 1 1 0 1 1 0 0 1 0 0 0 0 0 0 1 0 0 1 0 1 0 1 1 1 0 
    0 0 0 1 0 1 1 1 1 0 1 1 0]
[1 0 1 0 0 1 1 1 1 0 1 1 0 0 0 1 0 0 0 0 1 0 0 1 0 0 0 1 0 0 0 0 1 0 0 1 1 1 1 0
    0 0 0 1 1 0 0 1 0 1 1 1 0 0 0 0 0 0 0 0 0 0 1 0 0 0 1 0 1 1 1 1 1 1 1 1 1 0 
    1 1 1 1 1 0 0 0 0 1 1 0 0 1 0 0 0 1 0 0 0 0 0 0 0 1 1 1 1 0 1 1 0 1 1 0 1 0 
    0 1 0 1 0 1 0 1 1 0 1 0 1 0 1 1 0 0 1 1 0 0 0 1 1 1 0 1 1 0 1 0 0 1 0 1 0 0 
    0 0 1 0 1 1 1 1 1 0 0 0 1]
[0 1 0 1 0 0 1 1 1 1 0 1 0 1 1 0 0 0 0 1 0 0 0 1 0 1 1 0 0 0 1 1 0 1 1 0 0 0 0 0
    0 1 1 1 0 1 1 1 1 1 0 1 0 0 1 1 0 0 0 1 1 0 0 1 1 0 0 0 0 1 0 0 0 0 1 1 1 1 
    0 0 0 0 1 1 0 0 1 1 1 0 1 0 1 1 1 1 0 1 0 1 1 1 0 0 0 0 0 0 1 1 0 0 0 1 0 0 
    1 0 0 1 0 0 1 0 1 0 0 1 0 1 1 0 0 1 0 1 1 1 1 0 1 0 1 1 0 1 1 1 1 0 1 0 0 1 
    1 0 0 0 1 0 1 1 1 1 0 0 0]
[0 0 1 0 1 0 0 1 1 1 0 0 1 0 0 0 1 1 1 0 1 1 0 0 1 0 0 0 0 1 1 1 1 1 1 0 0 0 1 0
    1 1 1 0 0 0 1 0 0 0 1 1 1 0 0 1 1 1 1 1 0 1 0 1 0 0 0 1 1 0 0 1 0 0 0 1 1 1 
    0 1 0 1 1 1 0 1 0 1 0 0 1 1 1 0 1 0 1 0 1 0 1 0 0 0 0 0 1 1 0 0 0 1 1 0 0 0 
    0 1 0 1 0 0 0 0 0 1 0 1 0 0 0 0 1 0 1 1 1 1 0 1 1 1 0 0 1 0 1 0 1 0 0 1 1 1 
    1 1 1 0 1 0 1 1 1 0 0 1 0]
[1 0 0 1 0 0 1 0 0 0 1 0 0 0 1 1 1 1 1 1 1 0 1 0 1 0 1 0 0 1 1 0 1 0 0 1 1 1 1 0
    1 1 1 1 1 0 1 1 1 0 1 1 1 1 0 1 0 0 1 0 0 1 1 0 1 1 1 0 0 0 1 0 1 0 0 1 0 1 
    0 0 1 1 0 1 1 0 0 0 1 0 1 0 1 1 1 1 1 0 0 1 0 1 0 0 1 1 1 0 0 1 1 1 1 1 1 0 
    0 1 1 1 1 0 1 0 1 0 0 0 0 0 0 0 0 0 1 0 0 1 1 0 1 1 0 1 1 1 0 1 1 0 1 0 1 1 
    0 0 0 1 1 0 1 1 0 1 1 1 0]
Chitext
(1 0 1 1 1 1 1 0 1 0 0 0 1 0 1 1 1 0 1 1 0 0 0 1 1 0 1 1 0 0 0 0 0 0 1 1 0 0 0 1
    1 1 1 0 0 0 0 0 1 0 1 1 1 1 1 1 0 0 1 0 0 0 1 1 0 1 1 0 0 0 0 0 1 0 0 0 1 1 
    0 0 0 1 1 0 0 0 0 0 1 1 1 1 0 0 0 0 0 1 1 1 0 0 0 0 0 1 0 0 0 1 1 1 0 0 1 0 
    0 1 0 1 0 1 0 1 0 0 1 1 0 0 1 0 1 0 1 1 1 0 1 0 0 0 0 0 1 0 0 1 0 1 1 1 0 1 
    1 0 0 0 0 0 0 1 1 1 1 0 0)
